import numpy as np
import time
import cv2
import sophus

INTRINSICS_DICT = {
    '103422071965':(np.array([[604.33380127,   0.        , 318.17504883],
       [  0.        , 604.43933105, 236.77078247],
       [  0.        ,   0.        ,   1.        ]]), np.array([0., 0., 0., 0., 0.])),
    '815412070238':(np.array([[618.24163818,   0.        , 328.32623291],
       [  0.        , 618.27075195, 245.41317749],
       [  0.        ,   0.        ,   1.        ]]), np.array([0., 0., 0., 0., 0.])),
    '815412070907':(np.array([[616.96191406,   0.        , 318.91717529],
       [  0.        , 617.26654053, 243.1308136 ],
       [  0.        ,   0.        ,   1.        ]]), np.array([0., 0., 0., 0., 0.])),
    '818312070212':(np.array([[614.80383301,   0.        , 321.73431396],
       [  0.        , 615.15679932, 242.98834229],
       [  0.        ,   0.        ,   1.        ]]), np.array([0., 0., 0., 0., 0.]))
}

EXTRINSICS_DICT = {
    '103422071965':sophus.sophuspy.SE3([[ -0.130697071902231,   0.527510418211951,  -0.839434949280786,    0.49398567432443],
     [-0.0643325707010678,  -0.849425620013983,  -0.523772313520724,   0.347222535996057],
     [ -0.989332904407397, -0.0144524994970625,   0.144953542609735,   0.149383801054469],
     [                  0,                   0,                   0,                   1]]),
    '815412070238':sophus.sophuspy.SE3([[-0.135182311713056, -0.818445448065798,  0.558455719945896, -0.778698282895088],
     [-0.252583382214551, -0.516541957239752, -0.818160156350811,  0.804223716660754],
     [ 0.958085266366711, -0.251657415848014, -0.136898383554106,   0.60576263874978],
     [                 0,                  0,                  0,                  1]]),
    '815412070907':sophus.sophuspy.SE3([[  0.913923912559495, -0.0225587074379669,   0.405258172984423,  -0.847852720451653],
     [0.00298110435445455,  -0.998054289269271, -0.0622796008982028,   0.374548181420863],
     [  0.405874605104547,  0.0581269334296915,  -0.912078431134784,    1.97734050601149],
     [                  0,                   0,                   0,                   1]]),
    '818312070212':sophus.sophuspy.SE3([[ 0.892506857265295, 0.0454504735178549, -0.448737968297121,  0.675960221136579],
     [-0.005610470490113, -0.993714074204691,  -0.11180725087575,  0.538400451359452],
     [-0.450998927221901,  0.102306369227512, -0.886641626848288,   1.93447305384114],
     [                 0,                  0,                  0,                  1]])
}

CAMERA_IDS_DICT = {
    '101622070870': 0, 
    '815412070907': 1,
    '818312070212': 2,
    '103422071965': 3,
    '815412070238': 4
    }